-.001117 .037894
 .003123 .049735
 -.003471 .048318
 -.000585 .043137
 -.000769 .035887
 -.003124 .045160
 -.003250 .054829
 -.002174 .034194
 .003730 .034799
 -.002450 .064958
 -.000950 .029930
 -.003700 .047107
 -.001122 .042590
 -.002441 .050350
 -.001706 .047180
 -.004615 .051180
 -.003774 .058385
 -.000704 .037501
 -.001872 .035280
 -.003547 .048579
 -.001909 .047002
 -.001519 .039626
 -.001770 .054052
 -.002970 .041788
 -.002909 .049629
 -.000913 .041824
 -.003166 .051606
 -.001573 .031315
 -.004037 .046836
 -.002049 .037853
 -.001934 .041460
 -.000024 .045483
 -.002685 .050731
 -.000048 .045524
 .000078 .043863
 .000727 .043571
 -.000184 .033152
 .000267 .039716
 -.001631 .032948
 .003083 .031111
 -.000721 .039195
 -.000505 .032651
 .003389 .033657
 -.003688 .050066
 -.002193 .036201
 -.001267 .046270
 -.001512 .046117
 -.000185 .034361
 -.002784 .040592
 .000599 .044473
 -.001045 .041636
 -.001868 .058111
 -.002630 .050323
 -.003235 .049163
 -.004201 .043052
 -.001152 .050710
 -.008489 .058303
 -.000333 .043148
 -.001063 .046679
 .000047 .025847
 .001117 .033328
 .003307 .028526
 -.003222 .046582
 -.004780 .053387
 -.002830 .041150
 -.000265 .043545
 -.001153 .038797
 -.000446 .048261
 -.004229 .060573
 -.001639 .042107
 -.001746 .052119
 -.002548 .052375
 -.000316 .036376
 -.003550 .045462
 -.001803 .044672
 -.001850 .043707
 -.000024 .041541
 -.006139 .048464
 .002309 .041177
 .000084 .040947
 -.001016 .046986
 -.001842 .039559
 -.003530 .044979
 .001022 .049942
 .000835 .034077
 -.001463 .046372
 .000093 .045338
 .000942 .038863
 -.000729 .032338
 -.005431 .056000
 .000044 .035817
 .000417 .055171
 -.000553 .037905
 -.000946 .040552
 -.003995 .051576
 .000852 .042097
 .001827 .031508
 -.000517 .027455
 -.000335 .039444
 -.001491 .052744
 -.000262 .052600
 -.006679 .048862
 -.003203 .042942
 .001489 .033303
 -.001452 .029000
 -.001382 .049256
 -.001451 .050352
 -.001334 .054189
 -.000836 .029160
 .000766 .033721
 -.000116 .048649
 -.005042 .054990
 -.001256 .056683
 .000063 .030515
 .003549 .040811
 -.004634 .057348
 -.003247 .046031
 -.001835 .046094
 -.000023 .043608
 -.006252 .055132
 -.003816 .055205
 -.002696 .042835
 -.006984 .073384
 -.002023 .043287
 -.001914 .039996
 -.000386 .042120
 -.002609 .048635
 -.001762 .033782
 -.001116 .029907
 .000326 .040544
 -.004928 .057150
 .001696 .033064
 -.003558 .049208
 .000593 .045241
 -.000513 .042195
 -.008252 .065419
 .001473 .041215
 -.003436 .055122
 -.001793 .041354
 -.003339 .045005
 -.005376 .069480
 .000903 .058119
 -.001329 .041428
 -.001130 .034350
 -.002530 .049844
 -.001824 .045456
 -.002864 .063399
 -.001668 .036436
 -.003123 .044632
 -.003711 .045914
 -.002468 .042101
 -.000076 .039397
 -.002655 .043446
 -.000657 .043241
 -.001209 .038138
 -.002763 .047702
 -.000730 .035252
 .001625 .034071
 -.001861 .047667
 -.001319 .040896
 -.002919 .044302
 .000404 .030469
 -.000899 .031507
 -.001707 .048330
 .003385 .033678
 -.003632 .048202
 .001108 .050700
 -.004387 .047054
 -.000017 .046265
 -.002970 .057311
 -.000465 .029432
 -.001209 .035987
 -.000847 .045414
 -.002425 .040898
 -.001125 .043356
 -.002136 .035697
 -.000946 .044163
 -.003754 .041872
 -.002655 .047627
 .000493 .034204
 -.007137 .074463
 -.002015 .048592
 -.002641 .043449
 -.004441 .053430
 -.003012 .047955
 .002099 .046716
 -.002915 .047345
 .002591 .035991
 -.002571 .044913
 -.001111 .029261
 -.007550 .055398
 -.002404 .051291
 -.003459 .038661
 -.002509 .047586
 -.000700 .041436
 .001324 .029928
 -.000493 .038123
 -.001514 .050381
 .001809 .034847
 .000187 .034596
 .002546 .039020
 -.003081 .039052
 -.000803 .052994
 -.000794 .042341
 -.003414 .050712
 -.000813 .042887
 .000559 .049412
 .000935 .039944
 -.005373 .068729
 -.003100 .040122
 -.002156 .038757
 .001408 .042179
 -.003353 .054065
 .003971 .040602
 .002847 .031732
 -.000763 .036724
 -.001430 .048866
 -.000973 .048314
 -.004716 .053401
 -.001033 .048888
 -.002030 .036741
 -.002433 .042138
 .000065 .034573
 .000060 .038612
 -.000992 .028306