 .003748 .034225
 .005254 .030476
 .003050 .036061
 .002232 .044729
 .004411 .037047
 .003561 .037604
 -.000970 .028845
 .001430 .045563
 .004703 .033162
 .006346 .039256
 .001377 .035770
 .000449 .036987
 .002775 .038363
 .002028 .029409
 .002299 .029261
 .001821 .034917
 .000457 .036059
 .008209 .038944
 .004690 .040809
 -.000069 .028275
 .002155 .029984
 .004220 .035942
 .001754 .034711
 .002023 .032027
 .002462 .024911
 .004200 .031547
 .003313 .033658
 .001853 .043067
 .006864 .046104
 .003174 .030474
 .001330 .033124
 .001191 .028770
 .001845 .036336
 .001956 .035746
 .001296 .033991
 .000920 .036437
 .005468 .030368
 .002480 .040487
 .002187 .032122
 .000995 .048195
 .001849 .027878
 .003308 .038102
 .000868 .034218
 .004946 .035377
 -.001126 .030716
 .001907 .025092
 .002999 .032469
 .003122 .033338
 .002128 .035132
 .001910 .029220
 .001902 .029090
 .003216 .035885
 .004296 .026990
 .000371 .045144
 .004798 .046351
 .001511 .030168
 .003440 .039785
 .002259 .035393
 .002529 .032115
 .002829 .030069
 .002201 .033319
 .003781 .023641
 -.000083 .030838
 .002018 .034340
 .000659 .030586
 .003995 .035235
 .001368 .036356
 .003866 .034226
 .003047 .039768
 .003172 .042155
 .005693 .053099
 .004033 .031358
 .002569 .025676
 .001774 .036991
 .002167 .026031
 .004241 .033421
 .003242 .027458
 .000651 .029354
 .001916 .031914
 .002755 .036497
 .002480 .028115
 .004750 .034749
 .002645 .029507
 .003342 .045996
 .000039 .032916
 .002306 .026214
 .002421 .035977
 .004007 .035529
 .003263 .046543