 .002261 .038051
 .006491 .038882
 .002663 .044271
 .003827 .031120
 .002962 .027282
 .002958 .057283
 .003011 .032112
 .001779 .024836
 .001873 .023459
 .001685 .034005
 .003715 .031457
 .003026 .029753
 .001735 .039404
 .006798 .051930
 -.001980 .053446
 .004282 .030301
 .001844 .036916
 .002172 .034228
 .003846 .031096
 .004810 .026663
 .002974 .032287
 .004388 .025808
 .005542 .040333
 .002131 .038989
 .000093 .038697
 .001981 .030158
 .002033 .034605
 .001201 .034125
 .003430 .034414
 .002417 .027905
 .003755 .031047
 .002229 .030538
 -.000007 .033240
 .008756 .055415
 .001523 .038701
 .004564 .033674
 .002693 .023486
 .002849 .040975
 .003666 .030320
 .002886 .038673
 .002878 .023091
 .008574 .049134
 .005633 .040146
 .002437 .028444
 .003147 .023263
 .000735 .033314
 .002223 .024513
 .002047 .029182
 .002622 .046134
 .002713 .028676
 .001749 .028967
 .003360 .030285
 .002897 .031839
 .003675 .032958
 .004583 .043893
 .002925 .046462
 .004385 .044407
 .001591 .035672
 .003445 .029955
 .000518 .056889
 .004006 .039051
 .001379 .020968
 -.000308 .025748
 .002747 .040988
 .001893 .026762
 .004311 .035401
 .004269 .041560
 .001310 .022044
 .004650 .063823
 .002525 .030474
 -.000489 .046746
 .002838 .029363
 -.000622 .048688
 .001854 .030789
 .003104 .034824
 .004721 .045173
 -.001458 .059001
 -.001270 .032830
 .004254 .034904
 .000954 .030980
 .003159 .030427
 .009195 .054210
 .003540 .033199
 -.000688 .049740
 .004604 .033362
 .004107 .026424
 .002829 .032601
 .003035 .035213
 .007162 .038062
 .001378 .024374
 .003213 .032567
 .001773 .031792
 .005153 .041080
 .001901 .040489
 .003310 .030856
 .003434 .025065
 .001369 .030689
 .001426 .042859